(1970,Rk,Player,Pos,Age,Tm,G,GS,MP,FG,FGA,FG%,3P,3PA,3P%,2P,2PA,2P%,eFG%,FT,FTA,FT%,ORB,DRB,TRB,AST,STL,BLK,TOV,PF,PTS)
(1970,1,Zaid Abdul-Aziz,PF,23,MIL,80,,20.5,3.0,6.8,.434,,,,3.0,6.8,.434,.434,1.5,2.3,.643,,,7.5,0.8,,,,2.1,7.4)
(1970,2,Kareem Abdul-Jabbar*,C,22,MIL,82,,43.1,11.4,22.1,.518,,,,11.4,22.1,.518,.518,5.9,9.1,.653,,,14.5,4.1,,,,3.5,28.8)
(1970,3,Mahdi Abdul-Rahman,PG,27,ATL,82,,33.6,6.0,12.9,.467,,,,6.0,12.9,.467,.467,3.3,4.0,.809,,,4.0,6.8,,,,3.2,15.3)
(1970,4,Rick Adelman,PG,23,SDR,35,,20.5,2.7,7.1,.389,,,,2.7,7.1,.389,.389,1.9,2.6,.747,,,2.3,3.2,,,,2.6,7.4)
(1970,5,Lucius Allen,PG,22,SEA,81,,22.4,3.8,8.5,.442,,,,3.8,8.5,.442,.442,2.2,3.1,.731,,,2.6,4.2,,,,2.5,9.8)
(1970,6,Wally Anderzunas,SF,24,CIN,44,,8.4,1.5,3.8,.392,,,,1.5,3.8,.392,.392,0.7,1.0,.630,,,1.9,0.2,,,,1.1,3.6)
(1970,7,John Arthurs,G,22,MIL,11,,7.8,1.1,3.2,.343,,,,1.1,3.2,.343,.343,1.0,1.4,.733,,,1.3,1.5,,,,1.4,3.2)
(1970,8,Al Attles,PG,33,SFW,45,,15.0,1.7,4.5,.386,,,,1.7,4.5,.386,.386,1.7,2.5,.664,,,1.6,3.2,,,,2.3,5.1)
(1970,9,Jim Barnes,C,28,BOS,77,,13.6,2.3,5.6,.410,,,,2.3,5.6,.410,.410,1.2,1.7,.742,,,4.5,0.7,,,,3.0,5.9)
(1970,10,Dick Barnett,SG,33,NYK,82,,33.8,6.0,12.7,.475,,,,6.0,12.7,.475,.475,2.8,4.0,.714,,,2.7,3.6,,,,2.7,14.9)
(1970,11,Jim Barnett,SG,25,SDR,80,,26.3,5.6,12.5,.451,,,,5.6,12.5,.451,.451,3.6,4.6,.790,,,3.8,3.6,,,,2.8,14.9)
(1970,12,Johnny Baum,SF,23,CHI,3,,4.3,1.0,3.7,.273,,,,1.0,3.7,.273,.273,0.0,0.0,,,,1.3,0.0,,,,0.3,2.0)
(1970,13,Elgin Baylor*,SF,35,LAL,54,,41.0,9.5,19.5,.486,,,,9.5,19.5,.486,.486,5.1,6.6,.773,,,10.4,5.4,,,,2.4,24.0)
(1970,14,Butch Beard,PG,22,ATL,72,,13.1,2.5,5.4,.467,,,,2.5,5.4,.467,.467,1.9,2.3,.828,,,1.9,1.7,,,,1.7,7.0)
(1970,15,Walt Bellamy*,C,30,TOT,79,,25.7,4.4,8.5,.523,,,,4.4,8.5,.523,.523,2.7,4.7,.576,,,8.9,1.8,,,,3.3,11.6)
(1970,16,Dave Bing*,PG,26,DET,70,,33.3,8.2,18.5,.444,,,,8.2,18.5,.444,.444,6.5,8.3,.783,,,4.3,6.0,,,,2.8,22.9)
(1970,17,John Block,PF,25,SDR,82,,26.2,5.5,12.5,.442,,,,5.5,12.5,.442,.442,3.5,4.5,.782,,,7.4,1.7,,,,3.4,14.5)
(1970,18,Tom Boerwinkle,C,24,CHI,81,,28.8,4.3,9.6,.449,,,,4.3,9.6,.449,.449,1.9,2.8,.664,,,12.5,2.8,,,,3.1,10.4)
(1970,19,Bob Boozer,PF,32,SEA,82,,31.1,6.0,12.3,.491,,,,6.0,12.3,.491,.491,3.2,3.9,.822,,,8.7,1.3,,,,2.9,15.2)
(1970,20,Nate Bowman,C,26,NYK,81,,9.2,1.2,2.9,.417,,,,1.2,2.9,.417,.417,0.5,1.0,.519,,,3.2,0.6,,,,2.3,2.9)
(1970,Rk,Player,Pos,Age,Tm,G,GS,MP,FG,FGA,FG%,3P,3PA,3P%,2P,2PA,2P%,eFG%,FT,FTA,FT%,ORB,DRB,TRB,AST,STL,BLK,TOV,PF,PTS)
(1970,21,Bill Bradley*,SF,26,NYK,67,,31.3,6.2,13.4,.460,,,,6.2,13.4,.460,.460,2.2,2.6,.824,,,3.6,4.0,,,,3.3,14.5)
(1970,22,Bill Bridges,PF,30,ATL,82,,39.9,5.4,11.4,.475,,,,5.4,11.4,.475,.475,4.0,5.5,.734,,,14.4,4.2,,,,3.6,14.8)
(1970,23,Em Bryant,PG,31,BOS,71,,22.8,3.0,7.3,.404,,,,3.0,7.3,.404,.404,1.9,2.5,.746,,,3.8,3.3,,,,2.8,7.8)
(1970,24,Joe Caldwell,SG,28,ATL,82,,34.8,8.2,16.2,.507,,,,8.2,16.2,.507,.507,4.6,6.7,.688,,,5.0,3.5,,,,3.1,21.1)
(1970,25,Fred Carter,SG,24,BAL,76,,16.0,2.1,5.8,.358,,,,2.1,5.8,.358,.358,1.1,1.5,.690,,,2.5,1.6,,,,1.8,5.2)
(1970,26,Wilt Chamberlain*,C,33,LAL,12,,42.1,10.8,18.9,.568,,,,10.8,18.9,.568,.568,5.8,13.1,.446,,,18.4,4.1,,,,2.6,27.3)
(1970,27,Jerry Chambers,SF,26,PHO,79,,14.4,3.6,8.3,.430,,,,3.6,8.3,.430,.430,1.2,1.6,.728,,,2.8,0.7,,,,2.1,8.3)
(1970,28,Don Chaney,SG,23,BOS,63,,13.3,1.8,5.1,.359,,,,1.8,5.1,.359,.359,1.3,1.7,.752,,,2.4,1.1,,,,1.9,5.0)
(1970,29,Len Chappell,SF,29,MIL,75,,15.1,3.2,7.0,.465,,,,3.2,7.0,.465,.465,1.8,2.8,.640,,,3.7,0.7,,,,1.7,8.3)
(1970,30,Archie Clark,PG,28,PHI,76,,36.5,7.8,15.8,.496,,,,7.8,15.8,.496,.496,4.1,5.2,.785,,,4.0,5.0,,,,2.6,19.7)
(1970,31,Barry Clemens,SF,26,SEA,78,,19.1,3.5,7.6,.454,,,,3.5,7.6,.454,.454,1.4,1.8,.793,,,4.1,1.5,,,,2.4,8.3)
(1970,32,Mel Counts,C,28,LAL,81,,27.1,5.4,12.6,.427,,,,5.4,12.6,.427,.427,1.9,2.5,.776,,,8.4,2.0,,,,3.8,12.6)
(1970,33,Bob Cousy*,PG,41,CIN,7,,4.9,0.1,0.4,.333,,,,0.1,0.4,.333,.333,0.4,0.4,1.000,,,0.7,1.4,,,,1.6,0.7)
(1970,34,Freddie Crawford,SG,28,MIL,77,,17.3,3.2,6.6,.480,,,,3.2,6.6,.480,.480,1.3,1.9,.682,,,2.4,2.9,,,,2.4,7.6)
(1970,35,Billy Cunningham*,SF,26,PHI,81,,39.4,9.9,21.1,.469,,,,9.9,21.1,.469,.469,6.3,8.6,.729,,,13.6,4.3,,,,4.1,26.1)
(1970,36,Dick Cunningham,C,23,MIL,60,,6.9,0.9,2.4,.369,,,,0.9,2.4,.369,.369,0.4,0.6,.667,,,2.7,0.5,,,,1.2,2.1)
(1970,37,Bob Dandridge,SF,22,MIL,81,,30.4,5.4,11.0,.485,,,,5.4,11.0,.485,.485,2.5,3.3,.754,,,7.7,3.6,,,,3.4,13.2)
(1970,38,Jim Davis,C,28,ATL,82,,32.0,5.3,11.5,.464,,,,5.3,11.5,.464,.464,2.9,3.9,.755,,,9.7,2.9,,,,4.1,13.6)
(1970,39,Mike Davis,SG,23,BAL,56,,23.8,4.6,10.5,.444,,,,4.6,10.5,.444,.444,2.7,3.4,.776,,,2.3,2.0,,,,3.1,11.9)
(1970,40,Dave DeBusschere*,PF,29,NYK,79,,33.3,6.2,13.7,.451,,,,6.2,13.7,.451,.451,2.2,3.2,.688,,,10.0,2.5,,,,3.1,14.6)
(1970,Rk,Player,Pos,Age,Tm,G,GS,MP,FG,FGA,FG%,3P,3PA,3P%,2P,2PA,2P%,eFG%,FT,FTA,FT%,ORB,DRB,TRB,AST,STL,BLK,TOV,PF,PTS)
(1970,41,Connie Dierking,C,33,CIN,76,,32.2,6.9,16.4,.419,,,,6.9,16.4,.419,.419,3.0,4.0,.752,,,8.2,2.2,,,,3.6,16.7)
(1970,42,Terry Dischinger,SF,29,DET,75,,23.4,4.6,8.7,.526,,,,4.6,8.7,.526,.526,2.3,3.2,.722,,,4.9,1.4,,,,2.8,11.4)
(1970,43,Johnny Egan,PG,31,LAL,72,,22.6,3.0,6.8,.438,,,,3.0,6.8,.438,.438,1.4,1.7,.818,,,1.4,3.0,,,,2.4,7.3)
(1970,44,Joe Ellis,SF,25,SFW,76,,31.3,6.6,16.1,.410,,,,6.6,16.1,.410,.410,2.6,3.6,.741,,,7.8,1.8,,,,3.7,15.8)
(1970,45,Leroy Ellis,C,29,BAL,72,,16.2,2.7,5.8,.469,,,,2.7,5.8,.469,.469,1.2,1.6,.741,,,5.2,0.7,,,,1.8,6.6)
(1970,46,Keith Erickson,SF,25,LAL,68,,25.8,3.8,8.3,.458,,,,3.8,8.3,.458,.458,1.3,1.8,.746,,,4.5,3.1,,,,2.6,8.9)
(1970,47,Hank Finkel,C,27,BOS,80,,23.3,3.9,8.5,.454,,,,3.9,8.5,.454,.454,2.0,2.9,.670,,,7.7,1.3,,,,3.7,9.7)
(1970,48,Fred Foster,SF,23,CIN,74,,28.1,6.2,13.9,.449,,,,6.2,13.9,.449,.449,2.4,3.3,.724,,,4.2,1.4,,,,2.8,14.8)
(1970,49,Jim Fox,C,26,PHO,81,,25.2,5.1,9.7,.524,,,,5.1,9.7,.524,.524,2.7,3.5,.770,,,7.0,1.1,,,,3.2,12.9)
(1970,50,Walt Frazier*,PG,24,NYK,77,,39.5,7.8,15.0,.518,,,,7.8,15.0,.518,.518,5.3,7.1,.748,,,6.0,8.2,,,,2.6,20.9)
(1970,51,Dave Gambee,SF,32,SFW,73,,13.0,2.5,6.4,.399,,,,2.5,6.4,.399,.399,2.1,2.5,.839,,,3.3,0.8,,,,2.4,7.2)
(1970,52,Dick Garrett,SG,23,LAL,73,,31.8,4.8,11.2,.434,,,,4.8,11.2,.434,.434,1.9,2.2,.852,,,3.2,2.5,,,,3.2,11.6)
(1970,53,Herm Gilliam,SG,23,CIN,57,,20.4,3.1,7.7,.406,,,,3.1,7.7,.406,.406,1.2,1.6,.747,,,3.8,3.1,,,,2.9,7.5)
(1970,54,Gail Goodrich*,PG,26,PHO,81,,39.9,7.0,15.4,.454,,,,7.0,15.4,.454,.454,6.0,7.5,.808,,,4.2,7.5,,,,3.1,20.0)
(1970,55,Bob Greacen,SF,22,MIL,41,,7.1,1.1,2.7,.404,,,,1.1,2.7,.404,.404,0.4,0.7,.643,,,1.4,0.7,,,,1.2,2.6)
(1970,56,Johnny Green,PF,36,CIN,78,,29.2,6.2,11.0,.559,,,,6.2,11.0,.559,.559,3.3,5.5,.592,,,10.8,1.4,,,,3.4,15.6)
(1970,57,Lamar Green,PF,22,PHO,58,,12.1,1.7,4.0,.432,,,,1.7,4.0,.432,.432,0.7,1.2,.586,,,4.8,0.3,,,,2.0,4.2)
(1970,58,Hal Greer*,SG,33,PHI,80,,37.8,8.8,19.4,.455,,,,8.8,19.4,.455,.455,4.4,5.4,.815,,,4.7,5.1,,,,3.8,22.0)
(1970,59,Gary Gregor,SF,24,ATL,81,,19.8,3.5,8.2,.433,,,,3.5,8.2,.433,.433,1.1,1.4,.779,,,4.9,0.8,,,,2.0,8.1)
(1970,60,Richie Guerin*,SG,37,ATL,8,,8.0,0.4,1.4,.273,,,,0.4,1.4,.273,.273,0.1,0.1,1.000,,,0.3,1.5,,,,1.1,0.9)
(1970,Rk,Player,Pos,Age,Tm,G,GS,MP,FG,FGA,FG%,3P,3PA,3P%,2P,2PA,2P%,eFG%,FT,FTA,FT%,ORB,DRB,TRB,AST,STL,BLK,TOV,PF,PTS)
(1970,61,Matt Guokas,SG,25,PHI,80,,19.5,2.4,5.2,.454,,,,2.4,5.2,.454,.454,1.3,1.9,.711,,,2.7,2.8,,,,2.5,6.1)
(1970,62,Al Hairston,SG,24,SEA,3,,6.7,1.0,2.7,.375,,,,1.0,2.7,.375,.375,0.3,0.3,1.000,,,1.7,2.0,,,,1.0,2.3)
(1970,63,Happy Hairston,PF,27,TOT,70,,34.7,6.9,13.9,.496,,,,6.9,13.9,.496,.496,4.7,5.9,.789,,,11.1,1.7,,,,3.3,18.5)
(1970,64,Shaler Halimon,SG,24,CHI,38,,13.6,2.5,6.4,.393,,,,2.5,6.4,.393,.393,1.3,1.9,.671,,,1.8,1.8,,,,1.5,6.3)
(1970,65,Art Harris,SG,23,TOT,81,,19.2,3.5,8.9,.394,,,,3.5,8.9,.394,.394,1.1,1.7,.642,,,2.0,2.9,,,,2.7,8.1)
(1970,66,Clem Haskins,SG,26,CHI,82,,39.2,8.1,18.1,.450,,,,8.1,18.1,.450,.450,4.0,5.2,.783,,,4.6,7.6,,,,2.9,20.3)
(1970,67,John Havlicek*,SG,29,BOS,81,,41.6,9.1,19.6,.464,,,,9.1,19.6,.464,.464,6.0,7.1,.844,,,7.8,6.8,,,,2.6,24.2)
(1970,68,Connie Hawkins*,SF,27,PHO,81,,40.9,8.8,17.9,.490,,,,8.8,17.9,.490,.490,7.1,9.1,.779,,,10.4,4.8,,,,3.5,24.6)
(1970,69,Elvin Hayes*,C,24,SDR,82,,44.7,11.1,24.6,.452,,,,11.1,24.6,.452,.452,5.2,7.6,.688,,,16.9,2.0,,,,3.3,27.5)
(1970,70,Brian Heaney,G,23,BAL,14,,5.0,0.9,1.7,.542,,,,0.9,1.7,.542,.542,0.1,0.3,.500,,,0.3,0.4,,,,1.2,2.0)
(1970,71,Fred Hetzel,SF,27,PHI,63,,12.0,2.5,5.1,.483,,,,2.5,5.1,.483,.483,1.1,1.3,.835,,,3.3,0.7,,,,1.7,6.1)
(1970,72,Bill Hewitt,PF,25,TOT,65,,19.7,1.7,4.6,.369,,,,1.7,4.6,.369,.369,0.8,1.4,.574,,,5.4,1.0,,,,2.0,4.2)
(1970,73,Bill Hosket,PF,23,NYK,36,,6.5,1.3,2.5,.505,,,,1.3,2.5,.505,.505,0.7,0.9,.788,,,1.8,0.5,,,,1.0,3.3)
(1970,74,Bailey Howell*,PF,33,BOS,82,,25.3,4.9,11.4,.429,,,,4.9,11.4,.429,.429,2.9,3.8,.763,,,6.7,1.5,,,,3.2,12.6)
(1970,75,Lou Hudson,SF,25,ATL,80,,38.6,10.4,19.6,.531,,,,10.4,19.6,.531,.531,4.6,5.6,.824,,,4.7,3.5,,,,2.8,25.4)
(1970,76,Darrall Imhoff,C,31,PHI,79,,31.3,5.4,10.1,.540,,,,5.4,10.1,.540,.540,2.7,4.2,.650,,,9.5,2.7,,,,3.7,13.6)
(1970,77,Luke Jackson,PF,28,PHI,37,,15.8,1.9,4.9,.392,,,,1.9,4.9,.392,.392,1.6,2.2,.741,,,5.4,1.4,,,,2.2,5.5)
(1970,78,Gus Johnson*,PF,31,BAL,78,,37.4,7.4,16.4,.451,,,,7.4,16.4,.451,.451,2.5,3.5,.724,,,13.9,3.4,,,,3.4,17.3)
(1970,79,Neil Johnson,PF,26,PHO,28,,4.9,0.7,2.1,.333,,,,0.7,2.1,.333,.333,0.3,0.4,.667,,,1.7,0.4,,,,1.4,1.7)
(1970,80,Rich Johnson,C,23,BOS,65,,13.8,2.6,5.6,.463,,,,2.6,5.6,.463,.463,0.7,1.1,.657,,,3.2,0.5,,,,2.4,5.8)
(1970,Rk,Player,Pos,Age,Tm,G,GS,MP,FG,FGA,FG%,3P,3PA,3P%,2P,2PA,2P%,eFG%,FT,FTA,FT%,ORB,DRB,TRB,AST,STL,BLK,TOV,PF,PTS)
(1970,81,Wali Jones,PG,27,PHI,78,,22.3,4.7,10.9,.430,,,,4.7,10.9,.430,.430,2.4,2.9,.841,,,2.2,3.5,,,,2.7,11.8)
(1970,82,Bob Kauffman,PF,23,CHI,64,,12.1,1.5,3.5,.425,,,,1.5,3.5,.425,.425,1.4,1.9,.715,,,3.3,1.2,,,,1.8,4.3)
(1970,83,Joe Kennedy,SF,23,SEA,14,,5.9,0.2,2.4,.088,,,,0.2,2.4,.088,.088,0.1,0.1,1.000,,,1.4,0.5,,,,0.5,0.6)
(1970,84,Toby Kimball,PF,27,SDR,77,,21.1,2.8,6.6,.429,,,,2.8,6.6,.429,.429,1.4,2.4,.578,,,8.1,1.2,,,,2.4,7.1)
(1970,85,Jim King,PG,28,TOT,34,,11.5,1.6,3.8,.411,,,,1.6,3.8,.411,.411,1.0,1.2,.805,,,1.8,1.5,,,,1.4,4.1)
(1970,86,Don Kojis,SF,31,SDR,56,,28.2,6.0,13.5,.447,,,,6.0,13.5,.447,.447,3.2,4.3,.751,,,6.9,1.4,,,,2.4,15.3)
