(1970,87,Howard Komives,PG,28,DET,82,,29.5,4.4,10.7,.413,,,,4.4,10.7,.413,.413,2.3,2.9,.812,,,2.4,3.8,,,,3.0,11.2)
(1970,88,Steve Kuberski,PF,22,BOS,51,,15.6,2.5,6.6,.388,,,,2.5,6.6,.388,.388,1.3,1.8,.696,,,5.0,0.6,,,,1.7,6.4)
(1970,89,Stu Lantz,PG,23,SDR,82,,30.1,5.5,12.5,.443,,,,5.5,12.5,.443,.443,3.4,4.4,.770,,,3.1,3.5,,,,2.9,14.5)
(1970,90,Clyde Lee,C,25,SFW,82,,32.2,4.4,10.0,.440,,,,4.4,10.0,.440,.440,2.2,3.7,.593,,,11.3,1.0,,,,3.2,11.0)
(1970,91,Bobby Lewis,SG,24,SFW,73,,18.5,2.9,7.6,.382,,,,2.9,7.6,.382,.382,1.4,2.1,.658,,,2.2,2.7,,,,2.3,7.2)
(1970,92,Paul Long,SG,25,DET,25,,5.2,1.1,2.5,.452,,,,1.1,2.5,.452,.452,1.1,1.5,.711,,,0.4,0.7,,,,0.9,3.3)
(1970,93,Kevin Loughery,SG,29,BAL,55,,37.0,8.7,19.7,.441,,,,8.7,19.7,.441,.441,4.6,5.4,.849,,,3.1,5.3,,,,3.3,21.9)
(1970,94,Bob Love,PF,27,CHI,82,,38.1,7.8,16.7,.466,,,,7.8,16.7,.466,.466,5.4,6.4,.842,,,8.7,1.8,,,,3.2,21.0)
(1970,95,Jerry Lucas*,PF,29,TOT,67,,36.1,6.0,11.9,.507,,,,6.0,11.9,.507,.507,3.0,3.8,.784,,,14.2,2.6,,,,2.4,15.1)
(1970,96,Mike Lynn,SF,24,LAL,44,,9.2,1.0,3.0,.331,,,,1.0,3.0,.331,.331,0.7,1.1,.646,,,1.5,0.7,,,,2.0,2.7)
(1970,97,Ed Manning,SF-PF,26,TOT,67,,11.6,1.8,4.8,.371,,,,1.8,4.8,.371,.371,0.6,0.8,.750,,,3.5,0.5,,,,1.8,4.2)
(1970,98,Jack Marin,SF,25,BAL,82,,35.9,8.1,16.6,.489,,,,8.1,16.6,.489,.489,3.5,4.1,.844,,,6.5,2.6,,,,3.0,19.7)
(1970,99,Don May,SF,24,NYK,37,,6.4,1.1,2.7,.386,,,,1.1,2.7,.386,.386,0.5,0.5,.947,,,1.4,0.5,,,,1.1,2.6)
(1970,100,Willie McCarter,SG,23,LAL,40,,21.5,3.3,8.7,.378,,,,3.3,8.7,.378,.378,1.1,1.5,.717,,,2.1,2.3,,,,1.8,7.7)
(1970,Rk,Player,Pos,Age,Tm,G,GS,MP,FG,FGA,FG%,3P,3PA,3P%,2P,2PA,2P%,eFG%,FT,FTA,FT%,ORB,DRB,TRB,AST,STL,BLK,TOV,PF,PTS)
(1970,101,Jon McGlocklin,SG,26,MIL,82,,36.2,7.8,14.7,.530,,,,7.8,14.7,.530,.530,2.1,2.4,.854,,,3.1,3.7,,,,2.0,17.6)
(1970,102,Stan McKenzie,SF,25,PHO,58,,9.1,1.4,3.6,.393,,,,1.4,3.6,.393,.393,1.0,1.3,.795,,,1.6,0.9,,,,1.2,3.8)
(1970,103,McCoy McLemore,SF,27,DET,73,,19.5,3.2,6.8,.466,,,,3.2,6.8,.466,.466,1.6,2.0,.821,,,4.6,1.1,,,,2.2,8.0)
(1970,104,Tom Meschery,SF,31,SEA,80,,28.7,4.9,10.2,.482,,,,4.9,10.2,.482,.482,2.5,3.1,.790,,,8.3,2.0,,,,4.0,12.3)
(1970,105,Eddie Miles,SG,29,TOT,47,,27.6,5.1,11.5,.440,,,,5.1,11.5,.440,.440,2.8,3.7,.760,,,3.8,1.8,,,,2.3,13.0)
(1970,106,Steve Mix,SF,22,DET,18,,15.3,2.7,5.6,.480,,,,2.7,5.6,.480,.480,1.3,2.2,.590,,,3.6,0.8,,,,1.7,6.6)
(1970,107,Earl Monroe*,PG,25,BAL,82,,37.2,8.5,19.0,.446,,,,8.5,19.0,.446,.446,6.5,7.8,.830,,,3.1,4.9,,,,3.1,23.4)
(1970,108,Otto Moore,C,23,DET,81,,31.1,4.7,9.9,.476,,,,4.7,9.9,.476,.476,2.4,3.8,.636,,,11.1,1.3,,,,2.9,11.9)
(1970,109,Erwin Mueller,PF,25,TOT,78,,30.2,3.8,8.3,.464,,,,3.8,8.3,.464,.464,2.4,3.4,.719,,,6.2,2.6,,,,2.5,10.1)
(1970,110,Jeff Mullins,SG,27,SFW,74,,38.7,8.9,19.3,.460,,,,8.9,19.3,.460,.460,4.3,5.1,.847,,,5.2,4.9,,,,3.2,22.1)
(1970,111,Dorie Murrey,C,26,SEA,81,,13.3,1.9,4.2,.446,,,,1.9,4.2,.446,.446,1.7,2.3,.731,,,4.4,0.9,,,,2.4,5.5)
(1970,112,Don Nelson*,PF,29,BOS,82,,27.1,5.6,11.2,.501,,,,5.6,11.2,.501,.501,4.1,5.3,.775,,,7.3,1.8,,,,2.9,15.4)
(1970,113,Dave Newmark,C,23,ATL,64,,9.6,2.0,4.6,.429,,,,2.0,4.6,.429,.429,0.9,1.2,.766,,,2.7,0.7,,,,2.0,4.9)
(1970,114,Rich Niemann,C,23,BOS,6,,3.0,0.3,0.8,.400,,,,0.3,0.8,.400,.400,0.3,0.3,1.000,,,1.0,0.3,,,,1.7,1.0)
(1970,115,Grady O'Malley,F,21,ATL,24,,4.7,0.9,2.5,.350,,,,0.9,2.5,.350,.350,0.3,0.8,.421,,,1.1,0.4,,,,0.5,2.1)
(1970,116,Bud Ogden,SF,23,PHI,47,,7.6,1.7,3.7,.477,,,,1.7,3.7,.477,.477,0.6,0.8,.692,,,1.8,0.7,,,,1.3,4.1)
(1970,117,Don Ohl,SG,33,ATL,66,,14.9,2.7,5.6,.473,,,,2.7,5.6,.473,.473,0.9,1.1,.806,,,1.1,1.5,,,,1.7,6.2)
(1970,118,Loy Petersen,SG,24,CHI,31,,7.5,1.1,2.9,.367,,,,1.1,2.9,.367,.367,0.8,1.3,.667,,,0.8,0.7,,,,0.7,3.0)
(1970,119,Bob Portman,SG,22,SFW,60,,13.6,3.0,6.6,.445,,,,3.0,6.6,.445,.445,1.1,1.4,.776,,,3.7,0.5,,,,1.3,7.0)
(1970,120,Bob Quick,SF,23,TOT,34,,10.7,1.9,4.1,.453,,,,1.9,4.1,.453,.453,1.4,2.1,.690,,,2.2,0.4,,,,1.5,5.1)
(1970,Rk,Player,Pos,Age,Tm,G,GS,MP,FG,FGA,FG%,3P,3PA,3P%,2P,2PA,2P%,eFG%,FT,FTA,FT%,ORB,DRB,TRB,AST,STL,BLK,TOV,PF,PTS)
(1970,121,Luther Rackley,C,23,CIN,66,,19.0,2.9,6.4,.449,,,,2.9,6.4,.449,.449,1.9,3.0,.636,,,5.7,0.8,,,,3.1,7.6)
(1970,122,Willis Reed*,C,27,NYK,81,,38.1,8.7,17.1,.507,,,,8.7,17.1,.507,.507,4.3,5.7,.756,,,13.9,2.0,,,,3.5,21.7)
(1970,123,George Reynolds,G,22,DET,10,,4.4,0.8,1.9,.421,,,,0.8,1.9,.421,.421,0.5,0.7,.714,,,1.4,1.2,,,,1.0,2.1)
(1970,124,Pat Riley*,SF,24,SDR,36,,13.2,2.1,5.0,.417,,,,2.1,5.0,.417,.417,1.1,1.5,.727,,,1.6,2.4,,,,1.9,5.3)
(1970,125,Mike Riordan,SG,24,NYK,81,,20.7,3.1,6.8,.464,,,,3.1,6.8,.464,.464,1.4,2.0,.691,,,2.4,2.5,,,,2.4,7.7)
(1970,126,Rick Roberson,C,22,LAL,74,,27.1,3.5,7.9,.447,,,,3.5,7.9,.447,.447,1.6,2.9,.566,,,9.1,1.2,,,,3.5,8.7)
(1970,127,Oscar Robertson*,PG,31,CIN,69,,41.5,9.4,18.4,.511,,,,9.4,18.4,.511,.511,6.6,8.1,.809,,,6.1,8.1,,,,2.5,25.3)
(1970,128,Flynn Robinson,PG,28,MIL,81,,34.1,8.2,17.2,.477,,,,8.2,17.2,.477,.477,5.4,6.0,.898,,,3.2,5.5,,,,3.1,21.8)
(1970,129,Guy Rodgers*,PG,34,MIL,64,,11.7,1.1,3.0,.356,,,,1.1,3.0,.356,.356,1.0,1.4,.744,,,1.2,3.3,,,,1.1,3.2)
(1970,130,Bob Rule,C,25,SEA,80,,37.0,9.9,21.3,.463,,,,9.9,21.3,.463,.463,4.8,6.8,.714,,,10.3,1.8,,,,3.5,24.6)
(1970,131,Cazzie Russell,SF,25,NYK,78,,20.0,4.9,9.9,.498,,,,4.9,9.9,.498,.498,1.6,2.1,.775,,,3.0,1.7,,,,1.8,11.5)
(1970,132,Tom Sanders*,SF,31,BOS,57,,28.4,4.3,9.7,.443,,,,4.3,9.7,.443,.443,2.8,3.2,.880,,,5.5,1.6,,,,3.5,11.5)
(1970,133,Dale Schlueter,C,24,SFW,63,,10.9,1.3,2.7,.491,,,,1.3,2.7,.491,.491,1.0,1.5,.619,,,3.7,0.4,,,,1.7,3.6)
(1970,134,Dave Scholz,F,21,PHI,1,,1.0,1.0,1.0,1.000,,,,1.0,1.0,1.000,1.000,0.0,0.0,,,,0.0,0.0,,,,0.0,2.0)
(1970,135,Ray Scott,PF,31,BAL,73,,19.1,3.5,8.3,.425,,,,3.5,8.3,.425,.425,1.9,2.4,.803,,,6.3,1.6,,,,2.0,8.9)
(1970,136,Larry Siegfried,PG,30,BOS,78,,26.7,4.9,11.6,.424,,,,4.9,11.6,.424,.424,2.8,3.3,.856,,,2.7,3.8,,,,2.4,12.6)
(1970,137,Paul Silas,PF,26,PHO,78,,36.4,4.8,10.3,.464,,,,4.8,10.3,.464,.464,3.2,5.3,.607,,,11.7,2.7,,,,3.4,12.8)
(1970,138,Jerry Sloan*,SF,27,CHI,53,,34.4,5.8,13.9,.421,,,,5.8,13.9,.421,.421,3.9,6.0,.651,,,7.0,3.1,,,,3.4,15.6)
(1970,139,Adrian Smith,SG,33,TOT,77,,14.1,2.0,5.4,.368,,,,2.0,5.4,.368,.368,2.0,2.2,.894,,,1.1,1.7,,,,1.6,5.9)
(1970,140,Bingo Smith,SF,23,SDR,75,,16.0,3.2,7.6,.427,,,,3.2,7.6,.427,.427,0.9,1.3,.688,,,4.4,1.0,,,,1.6,7.3)
(1970,Rk,Player,Pos,Age,Tm,G,GS,MP,FG,FGA,FG%,3P,3PA,3P%,2P,2PA,2P%,eFG%,FT,FTA,FT%,ORB,DRB,TRB,AST,STL,BLK,TOV,PF,PTS)
(1970,141,Greg Smith,PF,23,MIL,82,,28.9,4.1,8.1,.511,,,,4.1,8.1,.511,.511,1.5,2.1,.718,,,8.7,1.9,,,,3.7,9.8)
(1970,142,Dick Snyder,SG,25,TOT,82,,29.7,5.6,10.5,.528,,,,5.6,10.5,.528,.528,2.1,2.5,.813,,,3.9,4.2,,,,3.4,13.2)
(1970,143,Dave Stallworth,SF,28,NYK,82,,16.8,2.9,6.8,.429,,,,2.9,6.8,.429,.429,2.0,2.7,.716,,,3.9,1.7,,,,2.4,7.8)
(1970,144,Rod Thorn,SG,28,SEA,19,,5.5,1.1,2.4,.444,,,,1.1,2.4,.444,.444,0.8,1.3,.625,,,0.8,0.9,,,,0.4,2.9)
(1970,145,Nate Thurmond*,C,28,SFW,43,,44.6,7.9,19.2,.414,,,,7.9,19.2,.414,.414,6.1,8.0,.754,,,17.7,3.5,,,,2.6,21.9)
(1970,146,Gene Tormohlen,C,32,ATL,2,,5.5,1.0,2.0,.500,,,,1.0,2.0,.500,.500,0.0,0.0,,,,2.0,0.5,,,,1.5,2.0)
(1970,147,John Trapp,SF,24,SDR,70,,14.6,2.6,6.2,.426,,,,2.6,6.2,.426,.426,1.0,1.5,.692,,,4.4,0.7,,,,2.9,6.3)
(1970,148,John Tresvant,PF,30,TOT,69,,21.7,3.8,8.6,.444,,,,3.8,8.6,.444,.444,3.0,4.1,.725,,,6.2,1.6,,,,3.0,10.6)
(1970,149,Al Tucker,PF,26,TOT,61,,13.4,2.4,4.7,.512,,,,2.4,4.7,.512,.512,1.1,1.4,.805,,,2.7,0.6,,,,1.4,5.9)
(1970,150,Bill Turner,PF-SF,25,TOT,72,,16.3,2.7,6.5,.421,,,,2.7,6.5,.421,.421,1.7,2.3,.737,,,4.2,0.6,,,,2.7,7.2)
(1970,151,Wes Unseld*,C,23,BAL,82,,39.4,6.4,12.4,.518,,,,6.4,12.4,.518,.518,3.3,5.2,.638,,,16.7,3.5,,,,3.0,16.2)
(1970,152,Dick Van Arsdale,SG,26,PHO,77,,38.5,7.7,15.1,.508,,,,7.7,15.1,.508,.508,6.0,7.5,.798,,,3.4,4.4,,,,3.7,21.3)
(1970,153,Tom Van Arsdale,SF,26,CIN,71,,35.8,8.7,19.4,.451,,,,8.7,19.4,.451,.451,5.4,6.9,.774,,,6.5,2.2,,,,3.5,22.8)
(1970,154,Norm Van Lier,PG,22,CIN,81,,35.7,3.7,9.2,.403,,,,3.7,9.2,.403,.403,2.0,2.8,.741,,,5.0,6.2,,,,4.1,9.5)
(1970,155,Neal Walk,C,21,PHO,82,,17.0,3.1,6.7,.470,,,,3.1,6.7,.470,.470,1.9,3.0,.640,,,5.5,1.0,,,,2.7,8.2)
(1970,156,Chet Walker*,SF,29,CHI,78,,34.9,7.6,16.0,.477,,,,7.6,16.0,.477,.477,6.2,7.3,.850,,,7.7,2.5,,,,2.6,21.5)
(1970,157,Jimmy Walker,SG,25,DET,81,,35.4,8.2,17.2,.478,,,,8.2,17.2,.478,.478,4.4,5.4,.807,,,3.0,3.1,,,,2.5,20.8)
(1970,158,John Warren,SG,22,NYK,44,,6.2,1.0,2.5,.407,,,,1.0,2.5,.407,.407,0.5,0.8,.686,,,0.9,0.7,,,,1.2,2.5)
(1970,159,Jim Washington,PF,26,PHI,79,,31.1,5.1,10.7,.476,,,,5.1,10.7,.476,.476,2.6,3.5,.747,,,9.3,1.3,,,,3.3,12.7)
(1970,160,Bob Weiss,PG,27,CHI,82,,31.0,4.5,10.4,.427,,,,4.5,10.4,.427,.427,2.6,3.1,.842,,,2.8,5.8,,,,2.5,11.5)
(1970,Rk,Player,Pos,Age,Tm,G,GS,MP,FG,FGA,FG%,3P,3PA,3P%,2P,2PA,2P%,eFG%,FT,FTA,FT%,ORB,DRB,TRB,AST,STL,BLK,TOV,PF,PTS)
(1970,161,Walt Wesley,C,25,CHI,72,,19.5,3.8,9.0,.417,,,,3.8,9.0,.417,.417,2.0,3.0,.662,,,6.3,0.9,,,,2.6,9.5)
(1970,162,Jerry West*,PG,31,LAL,74,,42.0,11.2,22.6,.497,,,,11.2,22.6,.497,.497,8.7,10.6,.824,,,4.6,7.5,,,,2.2,31.2)
(1970,163,Jo Jo White*,PG,23,BOS,60,,22.1,5.2,11.4,.452,,,,5.2,11.4,.452,.452,1.9,2.3,.822,,,2.8,2.4,,,,2.2,12.2)
(1970,164,Lenny Wilkens*,PG,32,SEA,75,,37.4,6.0,14.2,.420,,,,6.0,14.2,.420,.420,5.8,7.4,.788,,,5.0,9.1,,,,2.8,17.8)
(1970,165,Art Williams,PG,30,SDR,80,,19.3,2.4,5.8,.407,,,,2.4,5.8,.407,.407,1.1,1.5,.746,,,3.7,6.3,,,,2.1,5.8)
(1970,166,Bernie Williams,SG,24,SDR,72,,17.1,3.5,8.9,.392,,,,3.5,8.9,.392,.392,1.3,1.7,.787,,,2.2,2.3,,,,1.7,8.3)
(1970,167,Ron Williams,PG,25,SFW,80,,30.4,5.7,13.1,.432,,,,5.7,13.1,.432,.432,3.5,4.2,.822,,,2.4,5.3,,,,3.6,14.8)
(1970,168,Sam Williams,SG,25,MIL,11,,4.0,1.0,2.2,.458,,,,1.0,2.2,.458,.458,0.5,1.0,.455,,,0.6,0.3,,,,0.5,2.5)
(1970,169,George Wilson,C,27,PHI,67,,12.5,1.8,4.5,.388,,,,1.8,4.5,.388,.388,1.8,2.6,.709,,,4.7,0.8,,,,2.2,5.3)
(1970,170,Lee Winfield,PG,22,SEA,64,,12.0,2.2,4.5,.479,,,,2.2,4.5,.479,.479,1.4,1.8,.750,,,1.5,1.6,,,,1.5,5.7)
(1970,171,Tom Workman,F-C,25,DET,2,,3.0,0.0,0.5,.000,,,,0.0,0.5,.000,.000,0.0,0.0,,,,0.0,0.0,,,,0.5,0.0)
